{"metadata":{"formatVersion":2,"generatedBy":"LeapJS Playback 0.2.1","frames":111,"protocolVersion":6,"serviceVersion":"2.3.1+31549","frameRate":"55","modified":"Sat Mar 03 2018 11:55:37 GMT+0100 (CET)"},"frames":[["id","timestamp",{"hands":[["id","type","direction","palmNormal","palmPosition","palmVelocity","stabilizedPalmPosition","pinchStrength","grabStrength","confidence","armBasis","armWidth","elbow","wrist"]]},{"pointables":[["id","direction","handId","length","stabilizedTipPosition","tipPosition","tipVelocity","tool","carpPosition","mcpPosition","pipPosition","dipPosition","btipPosition","bases","type"]]},{"interactionBox":["center","size"]}],[2867311,211458945750,[[1108,"left",[-0.226896,0.839622,-0.493511],[0.230838,-0.445924,-0.864792],[-45.8113,26.062000000000012,35.0221],[-40.5824,29.1845,19.8082],[-42.4955,24.099999999999994,33.7393],0,0,1,[[-0.944265,-0.187464,-0.270594],[-0.309727,0.784384,0.537411],[-0.111504,-0.591269,0.798729]],62.8899,[-71.535,-26.6816,277.162],[-41.8212,130.881,64.3148]]],[[11080,[0.0375487,0.599305,-0.79964],1108,51.4374,[12.0042,194.558,-9.90946],[9.16174,47.01400000000001,-9.17971],[-65.4393,84.2993,28.3911],false,[-11.9723,-17.982,59.37],[-11.9723,-17.982,59.37],[9.28616,17.657999999999987,32.8149],[10.5497,37.82499999999999,5.90593],[9.23584,50.51400000000001,-13.3511],[[[-0.631478,0.437885,0.639916],[0.746785,0.121347,0.653902],[-0.208682,-0.890804,0.403634]],[[-0.539326,0.685808,0.488666],[0.723147,0.0798415,0.686064],[-0.431492,-0.72339,0.539001]],[[-0.539326,0.685808,0.488666],[0.841259,0.412918,0.348972],[-0.0375487,-0.599305,0.79964]],[[-0.539326,0.685808,0.488666],[0.840174,0.477424,0.257244],[0.0568813,-0.549303,0.833685]]],0],[11081,[-0.171346,0.666198,-0.725824],1108,58.0414,[-40.459,259.253,-28.0167],[-42.8879,110.24700000000001,-26.8263],[-108.562,86.1761,84.5696],false,[-26.3551,-2.977000000000004,70.1099],[-28.5227,55.394000000000005,26.9771],[-37.85,88.70500000000001,2.45353],[-41.9376,104.59700000000001,-14.8614],[-44.0784,113.87599999999998,-28.7781],[[[-0.970831,-0.164762,-0.174185],[-0.237899,0.571497,0.785363],[0.0298522,-0.803893,0.594024]],[[-0.948537,-0.310688,-0.0612431],[-0.227798,0.535115,0.813487],[0.219969,-0.785573,0.57835]],[[-0.948537,-0.310688,-0.0612431],[-0.266305,0.677977,0.685149],[0.171346,-0.666198,0.725824]],[[-0.948537,-0.310688,-0.0612431],[-0.290105,0.775034,0.561392],[0.126952,-0.550268,0.825281]]],1],[11082,[-0.144907,0.655382,-0.741267],1108,66.1335,[-62.8363,259.651,-37.1913],[-65.7226,110.887,-35.5323],[-76.0554,80.6335,77.8626],false,[-38.4437,-3.531000000000006,68.9899],[-49.6065,49.69499999999999,26.753],[-60.3226,86.143,-1.88053],[-64.3895,104.537,-22.6849],[-65.7949,114.68900000000002,-38.1434],[[[-0.902996,-0.366852,-0.223644],[-0.397891,0.517627,0.75746],[0.162112,-0.77297,0.613382]],[[-0.892292,-0.4103,-0.188331],[-0.391246,0.494642,0.776052],[0.225258,-0.766149,0.601893]],[[-0.892292,-0.4103,-0.188331],[-0.42757,0.634136,0.644247],[0.144907,-0.655382,0.741267]],[[-0.892292,-0.4103,-0.188331],[-0.445054,0.729427,0.519483],[0.0757702,-0.547348,0.833468]]],2],[11083,[-0.151677,0.659333,-0.736392],1108,63.5891,[-82.4259,246.29,-31.4975],[-85.0479,96.576,-30.4688],[-63.4642,30.4244,36.555],false,[-49.8236,-6.871000000000009,66.468],[-68.5708,37.66,27.8968],[-79.4175,71.356,1.59946],[-83.5645,89.382,-18.5343],[-84.8775,99.632,-33.808],[[[-0.836717,-0.514573,-0.187403],[-0.456019,0.46519,0.758713],[0.303235,-0.720287,0.623887]],[[-0.857256,-0.458618,-0.234055],[-0.45234,0.453651,0.767847],[0.245969,-0.764114,0.596346]],[[-0.857256,-0.458618,-0.234055],[-0.492043,0.595776,0.634779],[0.151677,-0.659333,0.736392]],[[-0.857256,-0.458618,-0.234055],[-0.509944,0.693371,0.509112],[0.0712008,-0.555794,0.828265]]],3],[11084,[-0.264783,0.654696,-0.708],1108,49.8527,[-103.062,218.531,-17.9859],[-105.114,68.44800000000001,-17.1768],[-31.8431,6.77036,9.67743],false,[-58.6943,-15.736999999999995,60.1415],[-83.8037,23.08699999999999,26.4149],[-96.9561,48.504999999999995,6.44344],[-102.067,61.143,-7.22378],[-104.925,70.98400000000001,-20.8032],[[[-0.709071,-0.664222,-0.236703],[-0.552014,0.314016,0.772447],[0.438748,-0.678383,0.589319]],[[-0.742312,-0.607027,-0.283709],[-0.55402,0.317882,0.769424],[0.376875,-0.728333,0.572273]],[[-0.742312,-0.607027,-0.283709],[-0.615518,0.450435,0.646719],[0.264783,-0.654696,0.708]],[[-0.742312,-0.607027,-0.283709],[-0.648658,0.54487,0.531375],[0.167974,-0.578476,0.798217]]],4]],[[0,200,0],[235.247,235.247,147.751]]],[2867312,211458964031,[[1108,"left",[-0.23561,0.841092,-0.48688],[0.237394,-0.435998,-0.868072],[-46.3973,26.769000000000005,35.4038],[-36.4999,33.7269,20.3213],[-43.0055,24.449000000000012,33.9568],0,0,1,[[-0.940689,-0.196699,-0.276429],[-0.320597,0.781946,0.534582],[-0.111001,-0.591498,0.79863]],62.8899,[-71.5222,-26.2314,277.145],[-41.9425,131.392,64.3247]]],[[11080,[0.0282175,0.606224,-0.794794],1108,51.4374,[10.9293,195.988,-9.43861],[8.21148,48.78999999999999,-8.54634],[-63.7649,89.732,30.218],false,[-12.1001,-17.089,59.4437],[-12.1001,-17.089,59.4437],[8.61566,19.066000000000003,33.1586],[9.56522,39.46700000000001,6.41267],[8.05927,52.29400000000001,-12.7379],[[[-0.637529,0.425282,0.642411],[0.744228,0.124358,0.656247],[-0.199201,-0.896476,0.395789]],[[-0.548745,0.673984,0.494595],[0.722549,0.0848012,0.686098],[-0.420477,-0.733862,0.533521]],[[-0.548745,0.673984,0.494595],[0.835513,0.422183,0.35168],[-0.0282175,-0.606224,0.794794]],[[-0.548745,0.673984,0.494595],[0.833444,0.487196,0.26079],[0.0651962,-0.555324,0.829074]]],0],[11081,[-0.182809,0.677327,-0.712607],1108,58.0414,[-42.0417,260.573,-26.7422],[-44.6246,111.911,-25.3054],[-103.411,87.0357,83.8527],false,[-26.6716,-2.3400000000000034,70.2826],[-29.4307,56.363,27.6358],[-39.2046,89.80000000000001,3.46151],[-43.5656,105.958,-13.5381],[-45.9142,115.55799999999999,-27.2011],[[[-0.968588,-0.174343,-0.177317],[-0.24575,0.562144,0.789684],[0.0379985,-0.808454,0.587331]],[[-0.944374,-0.322528,-0.0642948],[-0.234578,0.52358,0.819046],[0.230502,-0.788568,0.570113]],[[-0.944374,-0.322528,-0.0642948],[-0.273384,0.661214,0.698611],[0.182809,-0.677327,0.712607]],[[-0.944374,-0.322528,-0.0642948],[-0.297927,0.756209,0.58257],[0.139275,-0.569319,0.810234]]],1],[11082,[-0.14883,0.665565,-0.73135],1108,66.1335,[-63.7593,260.662,-36.2206],[-66.9591,112.411,-34.1217],[-71.0023,81.2495,77.9744],false,[-38.7511,-3.0219999999999914,69.1362],[-50.4477,50.42599999999999,27.3258],[-61.3561,87.15899999999999,-0.867331],[-65.5332,105.838,-21.3933],[-67.0085,116.245,-36.675],[[[-0.898368,-0.375226,-0.228342],[-0.405069,0.506691,0.761041],[0.169863,-0.776189,0.607187]],[[-0.888402,-0.414794,-0.196694],[-0.397697,0.481397,0.781085],[0.229302,-0.772142,0.592636]],[[-0.888402,-0.414794,-0.196694],[-0.434272,0.620459,0.653023],[0.14883,-0.665565,0.73135]],[[-0.888402,-0.414794,-0.196694],[-0.452123,0.716339,0.531453],[0.0795442,-0.561074,0.823935]]],2],[11083,[-0.154477,0.664423,-0.731218],1108,63.5891,[-83.2079,246.748,-31.0022],[-86.0403,97.44200000000001,-29.6553],[-56.8655,37.0033,38.2873],false,[-50.0879,-6.469999999999999,66.5657],[-69.2755,38.166,28.3346],[-80.19,71.881,2.09017],[-84.4136,90.047,-17.9021],[-85.8035,100.481,-33.0431],[[[-0.83047,-0.52248,-0.193217],[-0.462597,0.453586,0.76175],[0.310359,-0.721993,0.618388]],[[-0.852375,-0.463867,-0.241421],[-0.460647,0.447532,0.766498],[0.247509,-0.764553,0.595145]],[[-0.852375,-0.463867,-0.241421],[-0.499594,0.585978,0.637994],[0.154477,-0.664423,0.731218]],[[-0.852375,-0.463867,-0.241421],[-0.51747,0.681662,0.517264],[0.0753743,-0.565831,0.821069]]],3],[11084,[-0.261963,0.655097,-0.708677],1108,49.8527,[-103.472,218.669,-17.8644],[-105.568,68.84899999999999,-16.9167],[-25.7284,12.3261,9.11004],false,[-58.8459,-15.38300000000001,60.1493],[-84.3385,23.433999999999997,26.7032],[-97.3837,48.793000000000006,6.58826],[-102.441,61.43899999999999,-7.09203],[-105.267,71.332,-20.641],[[[-0.701041,-0.670247,-0.243536],[-0.556885,0.301219,0.774045],[0.445443,-0.678259,0.584418]],[[-0.73623,-0.61043,-0.292131],[-0.564125,0.31515,0.76318],[0.373803,-0.726674,0.576382]],[[-0.73623,-0.61043,-0.292131],[-0.623972,0.445222,0.642212],[0.261963,-0.655097,0.708677]],[[-0.73623,-0.61043,-0.292131],[-0.656028,0.537824,0.529501],[0.166109,-0.581481,0.796422]]],4]],[[0,200,0],[235.247,235.247,147.751]]],[2867313,211458981881,[[1108,"left",[-0.241857,0.84172,-0.482713],[0.242812,-0.429153,-0.869983],[-46.6167,27.21199999999999,35.7059],[-25.0968,29.5358,18.7225],[-43.4115,24.75999999999999,34.1535],0,0,1,[[-0.93762,-0.203017,-0.282228],[-0.329054,0.780236,0.531935],[-0.112212,-0.591621,0.798369]],62.8899,[-71.7322,-25.9404,277.137],[-41.8296,131.716,64.3855]]],[[11080,[0.0212808,0.611058,-0.7913],1108,51.4374,[10.0354,197.281,-8.98462],[7.70716,50.03200000000001,-8.01662],[-50.7992,79.9473,29.3052],false,[-11.9919,-16.483000000000004,59.5726],[-11.9919,-16.483000000000004,59.5726],[8.29856,20.054000000000002,33.4835],[9.01469,40.61699999999999,6.85512],[7.38375,53.54900000000001,-12.2145],[[[-0.6424,0.416259,0.643467],[0.741855,0.127096,0.658406],[-0.192285,-0.900319,0.390451]],[[-0.556304,0.664873,0.498467],[0.721741,0.0892956,0.686379],[-0.411844,-0.7416,0.529542]],[[-0.556304,0.664873,0.498467],[0.830706,0.429596,0.354083],[-0.0212808,-0.611058,0.7913]],[[-0.556304,0.664873,0.498467],[0.827974,0.494463,0.264511],[0.0706073,-0.559866,0.825569]]],0],[11081,[-0.191612,0.684638,-0.703247],1108,58.0414,[-43.3228,261.666,-25.6602],[-45.7188,113.01100000000002,-24.1959],[-84.6059,73.2956,73.0637],false,[-26.7103,-1.9190000000000111,70.4633],[-29.8891,56.99199999999999,28.1349],[-40.004,90.487,4.18131],[-44.575,106.82,-12.595],[-47.0843,116.642,-26.07],[[[-0.966712,-0.181643,-0.180207],[-0.252096,0.555653,0.792274],[0.0437784,-0.811329,0.582948]],[[-0.940975,-0.331843,-0.0666768],[-0.24013,0.515657,0.822457],[0.238544,-0.789923,0.564906]],[[-0.940975,-0.331843,-0.0666768],[-0.279017,0.648962,0.707812],[0.191612,-0.684638,0.703247]],[[-0.940975,-0.331843,-0.0666768],[-0.304011,0.741998,0.597508],[0.148805,-0.582511,0.799086]]],1],[11082,[-0.151116,0.671618,-0.725323],1108,66.1335,[-64.4732,261.489,-35.4168],[-67.6054,113.34100000000001,-33.1971],[-53.5298,66.2879,64.9194],false,[-38.7812,-2.6980000000000075,69.2891],[-50.8538,50.877999999999986,27.7502],[-61.861,87.74100000000001,-0.2331],[-66.1022,106.59100000000001,-20.59],[-67.6244,117.16699999999997,-35.75],[[[-0.894674,-0.381633,-0.232197],[-0.410878,0.498997,0.763008],[0.175323,-0.778048,0.603244]],[[-0.88525,-0.418458,-0.203039],[-0.403481,0.473748,0.782794],[0.231377,-0.774891,0.588225]],[[-0.88525,-0.418458,-0.203039],[-0.439882,0.61141,0.657786],[0.151116,-0.671618,0.725323]],[[-0.88525,-0.418458,-0.203039],[-0.457817,0.70692,0.539136],[0.0820736,-0.570225,0.817378]]],2],[11083,[-0.156146,0.667551,-0.728007],1108,63.5891,[-83.7843,247.132,-30.5889],[-86.5196,97.953,-29.107],[-41.3915,31.8683,33.3938],false,[-50.083,-6.229000000000013,66.677],[-69.5778,38.452,28.6539],[-80.5387,72.17099999999999,2.43458],[-84.8079,90.423,-17.4699],[-86.2423,100.97399999999999,-32.5255],[[[-0.825586,-0.528493,-0.197748],[-0.46795,0.4454,0.76331],[0.315327,-0.722714,0.615024]],[[-0.848496,-0.467963,-0.247113],[-0.467195,0.443072,0.765124],[0.248561,-0.764655,0.594575]],[[-0.848496,-0.467963,-0.247113],[-0.505641,0.579125,0.639485],[0.156146,-0.667551,0.728007]],[[-0.848496,-0.467963,-0.247113],[-0.523453,0.673523,0.521884],[0.0777863,-0.572169,0.816439]]],3],[11084,[-0.258909,0.655279,-0.70963],1108,49.8527,[-103.722,218.79,-17.7703],[-105.608,69.03999999999999,-16.785],[-12.9154,10.6038,6.96361],false,[-58.7519,-15.181000000000012,60.1941],[-84.5108,23.599999999999994,26.9113],[-97.4486,48.91999999999999,6.67625],[-102.447,61.56899999999999,-7.02244],[-105.23,71.494,-20.5562],[[[-0.694797,-0.674866,-0.248621],[-0.560953,0.292166,0.774578],[0.450098,-0.677639,0.581565]],[[-0.731681,-0.612671,-0.298792],[-0.572019,0.313478,0.757975],[0.370725,-0.72551,0.579826]],[[-0.731681,-0.612671,-0.298792],[-0.630562,0.441863,0.638082],[0.258909,-0.655279,0.70963]],[[-0.731681,-0.612671,-0.298792],[-0.661713,0.533181,0.527119],[0.163641,-0.583397,0.795531]]],4]],[[0,200,0],[235.247,235.247,147.751]]],[2867314,211458999986,[[1108,"left",[-0.245269,0.842813,-0.479071],[0.249519,-0.422636,-0.871274],[-46.4406,27.403999999999996,35.9191],[-8.53142,20.5322,15.4158],[-43.6845,24.99799999999999,34.3126],0,0,1,[[-0.934321,-0.208482,-0.289103],[-0.337317,0.779245,0.528199],[-0.115162,-0.591027,0.798389]],62.8899,[-72.169,-25.7181,277.121],[-41.4804,131.78,64.3645]]],[[11080,[0.0187579,0.615687,-0.787767],1108,51.4374,[9.46163,198.334,-8.54959],[7.81135,50.89099999999999,-7.44132],[-26.0433,64.088,29.8945],false,[-11.6341,-16.194999999999993,59.6958],[-11.6341,-16.194999999999993,59.6958],[8.41194,20.651999999999987,33.8556],[9.04317,41.37100000000001,7.3461],[7.40435,54.41999999999999,-11.6429],[[[-0.648,0.408385,0.642898],[0.738058,0.128274,0.662432],[-0.188061,-0.903752,0.384533]],[[-0.563383,0.65742,0.500398],[0.719059,0.0918851,0.688848],[-0.406883,-0.747901,0.52449]],[[-0.563383,0.65742,0.500398],[0.825983,0.434428,0.3592],[-0.0187579,-0.615687,0.787767]],[[-0.563383,0.65742,0.500398],[0.823144,0.49865,0.27163],[0.0709486,-0.564931,0.822082]]],0],[11081,[-0.197168,0.691495,-0.694953],1108,58.0414,[-44.191,262.5,-24.7715],[-46.1048,113.82299999999998,-23.1759],[-55.4391,58.0328,64.6295],false,[-26.4969,-1.7909999999999968,70.6018],[-29.8769,57.33600000000001,28.5901],[-40.2173,90.922,4.86149],[-44.9209,107.418,-11.717],[-47.5287,117.43299999999999,-25.0312],[[[-0.964676,-0.186993,-0.185561],[-0.259293,0.549509,0.794234],[0.046549,-0.814293,0.578584]],[[-0.937966,-0.339281,-0.0714777],[-0.246478,0.507457,0.825673],[0.243863,-0.792071,0.559602]],[[-0.937966,-0.339281,-0.0714777],[-0.285211,0.637749,0.715493],[0.197168,-0.691495,0.694953]],[[-0.937966,-0.339281,-0.0714777],[-0.310328,0.729517,0.609509],[0.15465,-0.59388,0.78955]]],1],[11082,[-0.15145,0.677985,-0.719305],1108,66.1335,[-64.923,262.124,-34.7762],[-67.5837,114.048,-32.3927],[-27.3976,52.4436,55.0456],false,[-38.5571,-2.641999999999996,69.3689],[-50.7988,51.08600000000001,28.0771],[-61.8194,88.10400000000001,0.303548],[-66.07,107.132,-19.8844],[-67.6011,117.88,-34.9223],[[[-0.891086,-0.386208,-0.238347],[-0.417565,0.491973,0.763938],[0.177779,-0.78026,0.599657]],[[-0.882165,-0.420993,-0.211069],[-0.410022,0.466125,0.78397],[0.231661,-0.778134,0.583816]],[[-0.882165,-0.420993,-0.211069],[-0.445924,0.602579,0.661854],[0.15145,-0.677985,0.719305]],[[-0.882165,-0.420993,-0.211069],[-0.463649,0.697829,0.545953],[0.0825518,-0.579482,0.810793]]],2],[11083,[-0.155729,0.670776,-0.725126],1108,63.5891,[-84.1032,247.408,-30.2854],[-86.3669,98.274,-28.7359],[-17.1055,24.0337,26.2424],false,[-49.8235,-6.233000000000004,66.6865],[-69.4439,38.53200000000001,28.827],[-80.3745,72.27699999999999,2.62831],[-84.6323,90.61699999999999,-17.1974],[-86.0677,101.27799999999999,-32.1752],[[[-0.821182,-0.532801,-0.204411],[-0.474282,0.437999,0.763684],[0.31736,-0.724072,0.612375]],[[-0.844622,-0.471072,-0.254372],[-0.474524,0.438746,0.763105],[0.247873,-0.765241,0.594109]],[[-0.844622,-0.471072,-0.254372],[-0.512213,0.572844,0.639912],[0.155729,-0.670776,0.725126]],[[-0.844622,-0.471072,-0.254372],[-0.529675,0.666217,0.524976],[0.0778349,-0.578141,0.812216]]],3],[11084,[-0.25351,0.656255,-0.710677],1108,49.8527,[-103.783,218.889,-17.7212],[-105.075,69.108,-16.8535],[8.5697,6.59545,1.07363],false,[-58.404,-15.205000000000013,60.1146],[-84.2705,23.592000000000013,26.9343],[-97.0385,48.911,6.59107],[-101.932,61.57900000000001,-7.12783],[-104.626,71.542,-20.6521],[[[-0.689203,-0.67802,-0.255515],[-0.566318,0.284095,0.773675],[0.451977,-0.677922,0.579774]],[[-0.727422,-0.613614,-0.307141],[-0.58052,0.311661,0.752239],[0.36586,-0.725497,0.582924]],[[-0.727422,-0.613614,-0.307141],[-0.637644,0.439099,0.632932],[0.25351,-0.656255,0.710677]],[[-0.727422,-0.613614,-0.307141],[-0.667674,0.52965,0.523146],[0.158333,-0.585618,0.794973]]],4]],[[0,200,0],[235.247,235.247,147.751]]],[2867315,211459018035,[[1108,"left",[-0.245864,0.845604,-0.473819],[0.265225,-0.41148,-0.871975],[-45.1439,27.59700000000001,36.2412],[29.6213,15.8459,16.5701],[-43.8032,25.209000000000003,34.4695],0,0,1,[[-0.927233,-0.21571,-0.306118],[-0.352532,0.778558,0.5192],[-0.126334,-0.589335,0.79795]],62.8899,[-73.851,-25.3226,276.925],[-40.1853,131.725,64.2858]]],[[11080,[0.0243247,0.624365,-0.780754],1108,51.4374,[9.46011,199.201,-8.01436],[9.49365,52.04499999999999,-6.10086],[30.3172,64.1034,51.0495],false,[-10.2956,-15.949000000000012,60.0552],[-10.2956,-15.949000000000012,60.0552],[9.74076,21.345,34.8563],[10.5593,42.35499999999999,8.5828],[9.12411,55.62899999999999,-10.267],[[[-0.66036,0.396206,0.637922],[0.727659,0.127685,0.67395],[-0.18557,-0.90924,0.372621]],[[-0.576126,0.647008,0.499459],[0.709002,0.0915499,0.699239],[-0.406687,-0.756967,0.511474]],[[-0.576126,0.647008,0.499459],[0.816999,0.437664,0.375451],[-0.0243247,-0.624365,0.780754]],[[-0.576126,0.647008,0.499459],[0.814996,0.501183,0.290857],[0.0621335,-0.574628,0.816053]]],0],[11081,[-0.196944,0.699322,-0.687141],1108,58.0414,[-44.4571,263.073,-24.088],[-44.9566,114.80099999999999,-21.7425],[-0.0829117,53.966,70.5951],false,[-25.4321,-1.7849999999999966,70.8991],[-28.7391,57.74199999999999,29.4503],[-39.1353,91.47399999999999,5.95384],[-43.8335,108.15699999999998,-10.4382],[-46.4195,118.37200000000001,-23.6036],[[[-0.960358,-0.19325,-0.200914],[-0.275023,0.539054,0.796105],[0.0455433,-0.819802,0.570833]],[[-0.93343,-0.348114,-0.0867508],[-0.26191,0.495969,0.8279],[0.245178,-0.795507,0.554127]],[[-0.93343,-0.348114,-0.0867508],[-0.29987,0.624312,0.721327],[0.196944,-0.699322,0.687141]],[[-0.93343,-0.348114,-0.0867508],[-0.324332,0.715447,0.618825],[0.153356,-0.605766,0.780724]]],1],[11082,[-0.147491,0.684173,-0.714251],1108,66.1335,[-65.0294,262.62,-34.2491],[-66.0828,114.774,-31.4661],[24.2816,45.9734,53.3065],false,[-37.4662,-2.725999999999999,69.4893],[-49.5971,51.31999999999999,28.5814],[-60.5418,88.513,1.01216],[-64.6813,107.71499999999997,-19.034],[-66.1062,118.61500000000001,-33.9719],[[[-0.884325,-0.391276,-0.254699],[-0.432357,0.480493,0.763016],[0.176169,-0.784876,0.594083]],[[-0.875464,-0.426334,-0.2276],[-0.425009,0.454986,0.782531],[0.230065,-0.78181,0.57952]],[[-0.875464,-0.426334,-0.2276],[-0.460228,0.591732,0.661849],[0.147491,-0.684173,0.714251]],[[-0.875464,-0.426334,-0.2276],[-0.477138,0.687618,0.547285],[0.0768244,-0.587725,0.805405]]],2],[11083,[-0.149782,0.676637,-0.720921],1108,63.5891,[-84.0849,247.697,-29.9885],[-84.6303,98.80199999999999,-28.306],[37.162,25.3092,24.2811],false,[-48.663,-6.383999999999986,66.6133],[-68.1418,38.602000000000004,28.9426],[-78.8803,72.47800000000001,2.83416],[-82.9755,90.97800000000001,-16.8766],[-84.2838,101.797,-31.7527],[[[-0.813636,-0.537613,-0.221288],[-0.488597,0.426045,0.761419],[0.31507,-0.727638,0.609322]],[[-0.837191,-0.474703,-0.271604],[-0.489705,0.429529,0.758745],[0.243516,-0.76822,0.592062]],[[-0.837191,-0.474703,-0.271604],[-0.526001,0.562867,0.637576],[0.149782,-0.676637,0.720921]],[[-0.837191,-0.474703,-0.271604],[-0.54229,0.656097,0.524841],[0.0709448,-0.58668,0.806705]]],3],[11084,[-0.246055,0.661484,-0.708446],1108,49.8527,[-103.428,219.02,-17.7153],[-103.169,69.36000000000001,-17.0342],[54.8909,10.3589,-3.42031],false,[-57.0736,-15.360000000000014,59.831],[-82.8112,23.556999999999988,26.6905],[-95.3756,48.976,6.34656],[-100.125,61.74600000000001,-7.32927],[-102.677,71.833,-20.7887],[[[-0.679712,-0.681171,-0.272025],[-0.579431,0.27127,0.768552],[0.449724,-0.680013,0.579077]],[[-0.718572,-0.615014,-0.324673],[-0.59501,0.301998,0.744823],[0.360025,-0.728392,0.582947]],[[-0.718572,-0.615014,-0.324673],[-0.65047,0.429181,0.626651],[0.246055,-0.661484,0.708446]],[[-0.718572,-0.615014,-0.324673],[-0.679082,0.519802,0.518317],[0.150007,-0.592928,0.79116]]],4]],[[0,200,0],[235.247,235.247,147.751]]],[2867316,211459036154,[[1108,"left",[-0.227981,0.854811,-0.466179],[0.292756,-0.396452,-0.870126],[-41.4757,27.445999999999998,36.5667],[111.889,4.33994,17.2348],[-43.5483,25.454000000000008,34.6993],0,0,0.954014,[[-0.916428,-0.215142,-0.337451],[-0.368549,0.782352,0.502093],[-0.155984,-0.5845,0.796259]],62.8899,[-79.1266,-24.7004,276.109],[-37.5596,131.058,63.9197]]],[[11080,[0.0532328,0.640137,-0.766414],1108,51.4374,[10.5949,200.072,-6.96553],[14.6578,52.632000000000005,-3.41411],[152.677,49.8191,98.3184],false,[-7.54107,-16.63300000000001,60.7173],[-7.54107,-16.63300000000001,60.7173],[13.3559,21.08099999999999,36.8788],[15.1472,42.622000000000014,11.0879],[14.516,56.351,-7.47721],[[[-0.680006,0.386656,0.622967],[0.705389,0.113181,0.699726],[-0.200045,-0.915252,0.349707]],[[-0.591056,0.638817,0.49251],[0.686109,0.0770891,0.723403],[-0.424155,-0.765487,0.483862]],[[-0.591056,0.638817,0.49251],[0.804872,0.426776,0.412363],[-0.0532328,-0.640137,0.766414]],[[-0.591056,0.638817,0.49251],[0.806167,0.488508,0.333847],[0.0273276,-0.594368,0.803729]]],0],[11081,[-0.174635,0.713156,-0.678904],1108,58.0414,[-43.6739,263.784,-23.0662],[-39.3105,115.781,-19.6654],[147.327,51.9167,90.1023],false,[-22.9906,-2.6200000000000045,71.3136],[-24.7797,57.65799999999999,30.8688],[-34.3768,91.826,7.66479],[-38.5428,108.839,-8.53081],[-40.7145,119.33600000000001,-21.5478],[[[-0.953707,-0.186571,-0.235871],[-0.299728,0.525409,0.79631],[0.0246401,-0.830143,0.557007]],[[-0.930617,-0.344781,-0.122792],[-0.28762,0.481468,0.827927],[0.226332,-0.8058,0.547229]],[[-0.930617,-0.344781,-0.122792],[-0.321643,0.610356,0.723886],[0.174635,-0.713156,0.678904]],[[-0.930617,-0.344781,-0.122792],[-0.342588,0.702555,0.623739],[0.128785,-0.622529,0.771927]]],1],[11082,[-0.124469,0.695694,-0.707472],1108,66.1335,[-64.1116,263.395,-33.4046],[-60.0246,115.87900000000002,-30.2586],[169.021,47.9238,56.1101],false,[-34.9741,-3.497000000000014,69.492],[-45.614,51.31800000000001,29.1976],[-55.5855,88.882,1.76269],[-59.0788,108.40699999999998,-18.0932],[-60.053,119.58699999999999,-32.86],[[[-0.876446,-0.383829,-0.290721],[-0.456034,0.46795,0.757004],[0.154518,-0.796052,0.585172]],[[-0.867957,-0.421838,-0.262111],[-0.450239,0.44561,0.773768],[0.209606,-0.78961,0.576698]],[[-0.867957,-0.421838,-0.262111],[-0.480788,0.581431,0.656339],[0.124469,-0.695694,0.707472]],[[-0.867957,-0.421838,-0.262111],[-0.493853,0.67728,0.545345],[0.052525,-0.602781,0.796176]]],2],[11083,[-0.124057,0.690157,-0.712947],1108,63.5891,[-82.7392,248.3,-29.5378],[-78.6036,99.947,-27.9407],[177.651,43.0139,23.0545],false,[-46.0792,-7.068000000000012,66.1832],[-64.1927,38.65299999999999,28.7173],[-73.9608,73.02699999999999,2.87884],[-77.3527,91.89599999999999,-16.6139],[-78.1437,102.993,-31.3205],[[[-0.807266,-0.530967,-0.257673],[-0.512329,0.413716,0.752568],[0.292986,-0.739535,0.606009]],[[-0.829043,-0.466902,-0.307718],[-0.51344,0.417607,0.749656],[0.221511,-0.779492,0.58594]],[[-0.829043,-0.466902,-0.307718],[-0.545249,0.552889,0.630092],[0.124057,-0.690157,0.712947]],[[-0.829043,-0.466902,-0.307718],[-0.557537,0.647971,0.518929],[0.0428968,-0.601778,0.79751]]],3],[11084,[-0.218826,0.674971,-0.704648],1108,49.8527,[-101.411,219.446,-17.9392],[-97.4522,70.36000000000001,-17.8932],[179.24,31.7234,-22.9827],false,[-54.2847,-15.894000000000005,58.9657],[-78.8181,23.697000000000003,25.7106],[-90.557,49.522999999999996,5.38467],[-94.7812,62.553,-8.21786],[-96.8348,72.892,-21.5708],[[[-0.672108,-0.674002,-0.306582],[-0.603741,0.259122,0.753892],[0.428682,-0.691792,0.581081]],[[-0.70951,-0.60582,-0.35997],[-0.619232,0.292155,0.728832],[0.336374,-0.740019,0.58243]],[[-0.70951,-0.60582,-0.35997],[-0.669859,0.421184,0.611467],[0.218826,-0.674971,0.704648]],[[-0.70951,-0.60582,-0.35997],[-0.694281,0.513445,0.50433],[0.120709,-0.607747,0.784903]]],4]],[[0,200,0],[235.247,235.247,147.751]]],[2867317,211459054156,[[1108,"left",[-0.17774,0.871386,-0.457269],[0.314964,-0.389852,-0.86534],[-34.5296,26.48599999999999,36.3698],[241.694,-22.9676,3.88597],[-41.3526,25.70599999999999,35.106],0,0,0.961918,[[-0.913666,-0.194783,-0.356756],[-0.361327,0.791211,0.493385],[-0.186167,-0.579694,0.793282]],62.8899,[-83.0238,-25.0123,274.282],[-33.4137,129.466,62.8867]]],[[11080,[0.113385,0.656792,-0.745498],1108,51.4374,[16.255,200.576,-4.17777],[24.3305,50.679,-0.445798],[338.791,-23.4227,132.826],false,[-3.224,-19.252999999999986,60.9798],[-3.224,-19.252999999999986,60.9798],[19.9638,18.200999999999993,38.9164],[23.7794,40.303,13.8293],[24.6905,54.593999999999994,-4.29477],[[[-0.691555,0.398884,0.602198],[0.678829,0.0739675,0.730562],[-0.246867,-0.914013,0.321927]],[[-0.589207,0.648606,0.481814],[0.65675,0.0370978,0.753195],[-0.470653,-0.76022,0.44783]],[[-0.589207,0.648606,0.481814],[0.799987,0.384622,0.460529],[-0.113385,-0.656792,0.745498]],[[-0.589207,0.648606,0.481814],[0.807018,0.443307,0.390129],[-0.0394481,-0.6187,0.784637]]],0],[11081,[-0.121593,0.732396,-0.669934],1108,58.0414,[-37.3786,265.029,-20.561],[-26.9497,115.80599999999998,-17.8226],[402.965,27.0674,94.3857],false,[-18.6009,-4.896999999999991,71.2172],[-16.5498,56.179,32.0007],[-23.9681,91.09100000000001,9.10766],[-26.8688,108.56299999999999,-6.87395],[-28.1431,119.406,-19.7249],[[[-0.94892,-0.147294,-0.279026],[-0.31425,0.520384,0.794007],[-0.0282485,-0.841133,0.540089]],[[-0.936103,-0.309038,-0.167949],[-0.305129,0.476016,0.824806],[0.17495,-0.82335,0.539896]],[[-0.936103,-0.309038,-0.167949],[-0.33004,0.606706,0.723175],[0.121593,-0.732396,0.669934]],[[-0.936103,-0.309038,-0.167949],[-0.343512,0.70069,0.625326],[0.0755694,-0.643062,0.762077]]],1],[11082,[-0.0764717,0.713393,-0.696579],1108,66.1335,[-57.0133,265.28,-31.3528],[-47.3997,116.863,-29.2756],[416.106,46.734,52.952],false,[-30.5205,-5.304000000000002,68.8827],[-37.5064,50.631,29.3358],[-45.1601,88.90799999999999,2.14262],[-47.3063,108.93,-17.4075],[-47.4259,120.49200000000002,-31.9088],[[[-0.876443,-0.34612,-0.334736],[-0.470696,0.469397,0.747069],[0.101451,-0.812322,0.574317]],[[-0.869704,-0.389385,-0.303306],[-0.466617,0.448339,0.762405],[0.160885,-0.804594,0.571616]],[[-0.869704,-0.389385,-0.303306],[-0.487614,0.582624,0.650217],[0.0764717,-0.713393,0.696579]],[[-0.869704,-0.389385,-0.303306],[-0.493532,0.678031,0.544702],[0.00644813,-0.623421,0.78186]]],2],[11083,[-0.069718,0.709026,-0.701727],1108,63.5891,[-73.7696,250.282,-28.7149],[-66.2912,101.59200000000001,-28.04],[417.042,65.5506,11.2442],false,[-41.5957,-8.406000000000006,65.0428],[-56.4848,38.65899999999999,27.8217],[-63.9226,73.882,2.35325],[-65.8287,93.267,-16.8327],[-65.6202,104.702,-31.2989],[[[-0.813968,-0.496281,-0.301931],[-0.528637,0.417335,0.739171],[0.240831,-0.761273,0.602049]],[[-0.831446,-0.429991,-0.351858],[-0.529385,0.420855,0.736636],[0.168666,-0.798742,0.577549]],[[-0.831446,-0.429991,-0.351858],[-0.551213,0.558918,0.619495],[0.069718,-0.709026,0.701727]],[[-0.831446,-0.429991,-0.351858],[-0.55549,0.656226,0.510684],[-0.0113084,-0.62006,0.784473]]],3],[11084,[-0.163361,0.695956,-0.699256],1108,49.8527,[-91.5928,221.363,-19.2297],[-86.4872,72.45400000000001,-19.5027],[383.304,70.9573,-52.7949],false,[-49.7968,-16.787000000000006,57.3088],[-71.4904,24.304000000000002,23.9],[-81.3829,50.93000000000001,3.62417],[-84.5364,64.36500000000001,-9.87425],[-85.6352,75.02799999999999,-23.0844],[[[-0.682013,-0.643143,-0.348175],[-0.625436,0.266157,0.733478],[0.379062,-0.718003,0.583767]],[[-0.714993,-0.57189,-0.402153],[-0.639087,0.30141,0.707616],[0.283466,-0.762951,0.580993]],[[-0.714993,-0.57189,-0.402153],[-0.679778,0.434267,0.591028],[0.163361,-0.695956,0.699256]],[[-0.714993,-0.57189,-0.402153],[-0.696142,0.529225,0.485085],[0.0645856,-0.626788,0.776509]]],4]],[[0,200,0],[235.247,235.247,147.751]]],[2867318,211459072353,[[1108,"left",[-0.0882941,0.88671,-0.453816],[0.333131,-0.403075,-0.852382],[-25.8473,24.726,36.6764],[354.101,-58.1808,10.0758],[-33.3513,25.19999999999999,35.9164],0,0,0.968562,[[-0.919074,-0.153608,-0.362915],[-0.33153,0.799238,0.501304],[-0.213051,-0.581053,0.785485]],62.8899,[-86.3989,-27.3576,271.861],[-29.6245,127.483,62.5429]]],[[11080,[0.210738,0.65924,-0.721798],1108,51.4374,[32.8437,196.9,2.54617],[36.9878,45.230999999999995,3.89939],[515.129,-154.174,187.628],false,[0.637613,-23.436999999999998,62.2998],[0.637613,-23.436999999999998,62.2998],[27.7209,12.492999999999995,42.2304],[34.8125,34.67699999999999,17.9409],[38.1296,49.25,0.328628],[[[-0.692936,0.442428,0.569295],[0.640967,0.016447,0.767392],[-0.330152,-0.896653,0.294979]],[[-0.567112,0.683871,0.459025],[0.613343,-0.021319,0.789529],[-0.549722,-0.729291,0.407358]],[[-0.567112,0.683871,0.459025],[0.796225,0.312606,0.517981],[-0.210738,-0.65924,0.721798]],[[-0.567112,0.683871,0.459025],[0.811025,0.366494,0.455982],[-0.143603,-0.630874,0.76248]]],0],[11081,[-0.0313293,0.746397,-0.664763],1108,58.0414,[-16.33,264.974,-16.1297],[-8.84763,113.82900000000001,-15.723],[686.495,-37.1691,102.66],false,[-14.1964,-8.096000000000004,71.8887],[-5.54038,53.06100000000001,33.715],[-9.12976,88.638,10.9248],[-9.87714,106.44299999999998,-4.93349],[-9.66167,117.5,-17.6644],[[[-0.940235,-0.0743455,-0.33231],[-0.318976,0.533923,0.783058],[-0.119211,-0.842258,0.525728]],[[-0.945357,-0.238075,-0.222758],[-0.314858,0.489246,0.813328],[0.0846498,-0.839022,0.537472]],[[-0.945357,-0.238075,-0.222758],[-0.32453,0.621459,0.71307],[0.0313293,-0.746397,0.664763]],[[-0.945357,-0.238075,-0.222758],[-0.325788,0.716551,0.61678],[-0.0127774,-0.655649,0.754958]]],1],[11082,[0.00581858,0.722234,-0.691625],1108,66.1335,[-34.5598,266.827,-28.5321],[-28.9048,116.44099999999997,-28.3632],[696.834,7.82984,46.6639],false,[-25.9667,-7.603000000000009,68.9036],[-26.6656,49.095,29.8352],[-30.3277,87.92699999999999,2.59813],[-30.1644,108.197,-16.813],[-28.8174,119.88999999999999,-31.1463],[[[-0.87945,-0.277378,-0.386818],[-0.475882,0.495046,0.726956],[0.0101493,-0.823402,0.567368]],[[-0.877079,-0.32852,-0.350438],[-0.474138,0.475185,0.74121],[0.0769799,-0.816256,0.572538]],[[-0.877079,-0.32852,-0.350438],[-0.480311,0.608648,0.631544],[-0.00581858,-0.722234,0.691625]],[[-0.877079,-0.32852,-0.350438],[-0.474825,0.703259,0.52912],[-0.072622,-0.630477,0.772803]]],2],[11083,[0.0169729,0.727535,-0.68586],1108,63.5891,[-50.2824,253.332,-27.6575],[-48.5139,103.035,-27.8645],[680.509,74.9733,16.7698],false,[-37.0088,-9.843999999999994,64.423],[-46.3521,38.565,27.1206],[-49.8305,74.678,2.05255],[-49.3665,94.56899999999999,-16.6996],[-47.641,106.32799999999997,-30.7994],[[[-0.829978,-0.43205,-0.352802],[-0.536933,0.447463,0.715178],[0.151127,-0.783013,0.603366]],[[-0.840041,-0.361644,-0.404407],[-0.536758,0.445636,0.716449],[0.0788812,-0.818915,0.568468]],[[-0.840041,-0.361644,-0.404407],[-0.542258,0.583014,0.605021],[-0.0169729,-0.727535,0.68586]],[[-0.840041,-0.361644,-0.404407],[-0.534393,0.680142,0.501828],[-0.0935712,-0.637668,0.764607]]],3],[11084,[-0.0729992,0.713344,-0.697001],1108,49.8527,[-70.1508,224.983,-21.7347],[-71.108,74.96199999999999,-21.2881],[604.215,100.976,-72.3934],false,[-45.3577,-17.52000000000001,56.1358],[-62.1226,25.391999999999996,22.1843],[-68.9003,52.883999999999986,1.7839],[-70.3095,66.654,-11.671],[-69.892,77.507,-24.7654],[[[-0.706706,-0.587726,-0.393884],[-0.644013,0.303869,0.702076],[0.292939,-0.749828,0.59325]],[[-0.731472,-0.51336,-0.448788],[-0.653629,0.340432,0.675926],[0.194212,-0.787761,0.584563]],[[-0.731472,-0.51336,-0.448788],[-0.677953,0.477076,0.559266],[0.0729992,-0.713344,0.697001]],[[-0.731472,-0.51336,-0.448788],[-0.68143,0.574032,0.454027],[-0.0245393,-0.637925,0.769707]]],4]],[[0,200,0],[235.247,235.247,147.751]]],[2867319,211459090367,[[1108,"left",[0.017764,0.89695,-0.441775],[0.345641,-0.420112,-0.83907],[-16.2174,22.161,37.2446],[439.653,-98.0968,20.2499],[-19.3848,22.723000000000013,36.9991],0,0,0.973997,[[-0.925245,-0.102841,-0.365165],[-0.292035,0.807476,0.512541],[-0.242151,-0.580867,0.777146]],62.8899,[-90.2254,-29.6792,269.074],[-25.6964,125.112,61.9786]]],[[11080,[0.321768,0.65229,-0.686282],1108,51.4374,[49.215,189.306,9.07866],[50.5841,37.71799999999999,9.16843],[635.105,-278.845,243.244],false,[4.32569,-28.519000000000005,63.4597],[4.32569,-28.519000000000005,63.4597],[35.71,5.159999999999997,45.9087],[46.5379,27.110000000000014,22.8144],[52.5997,41.75,6.00727],[[[-0.683213,0.495337,0.536527],[0.593549,-0.051275,0.803163],[-0.425347,-0.867186,0.258975]],[[-0.531631,0.724252,0.43912],[0.558187,-0.0903398,0.824782],[-0.637021,-0.683591,0.356241]],[[-0.531631,0.724252,0.43912],[0.783475,0.223555,0.579819],[-0.321768,-0.65229,0.686282]],[[-0.531631,0.724252,0.43912],[0.805294,0.271588,0.527012],[-0.26243,-0.633797,0.727621]]],0],[11081,[0.073932,0.754477,-0.652149],1108,58.0414,[6.189,261.842,-12.3627],[11.6455,110.07999999999998,-12.4564],[902.426,-118.605,137.021],false,[-9.62541,-12.034999999999997,72.4597],[6.66658,48.593999999999994,35.9773],[7.60972,84.59200000000001,13.5884],[9.3734,102.59100000000001,-1.96899],[11.3054,113.762,-14.4523],[[[-0.921897,0.0147655,-0.387153],[-0.315852,0.550061,0.773091],[-0.224373,-0.834994,0.502436]],[[-0.948021,-0.149777,-0.280753],[-0.317428,0.506806,0.80149],[-0.0222423,-0.848949,0.528007]],[[-0.948021,-0.149777,-0.280753],[-0.309499,0.639008,0.704187],[-0.073932,-0.754477,0.652149]],[[-0.948021,-0.149777,-0.280753],[-0.296866,0.733966,0.610872],[-0.114568,-0.662465,0.74028]]],1],[11082,[0.105048,0.730094,-0.675225],1108,66.1335,[-11.4982,265.691,-26.005],[-7.57616,114.77699999999999,-26.0842],[925.088,-40.2805,83.4595],false,[-21.1088,-10.448000000000008,68.8121],[-14.4619,46.59299999999999,30.8165],[-13.232,85.93100000000001,4.09247],[-10.2838,106.42200000000003,-14.8583],[-7.18853,118.22899999999998,-28.8225],[[[-0.876292,-0.192171,-0.441795],[-0.472012,0.526173,0.707352],[-0.0965285,-0.828379,0.551788]],[[-0.880776,-0.246948,-0.404042],[-0.472826,0.505225,0.72193],[-0.0258529,-0.8269,0.561754]],[[-0.880776,-0.246948,-0.404042],[-0.461733,0.637166,0.617108],[-0.105048,-0.730094,0.675225]],[[-0.880776,-0.246948,-0.404042],[-0.44315,0.730563,0.519514],[-0.166885,-0.636627,0.752898]]],2],[11083,[0.109221,0.750822,-0.651411],1108,63.5891,[-29.6456,254.783,-25.4532],[-28.4627,103.98400000000001,-26.0179],[876.081,72.3333,67.8162],false,[-32.023,-11.62899999999999,63.6634],[-34.8121,37.91,26.781],[-33.856,74.90100000000001,2.79424],[-30.8697,95.429,-15.0161],[-27.5936,107.695,-28.3907],[[[-0.842853,-0.351094,-0.407838],[-0.536249,0.484424,0.691209],[0.0451131,-0.801291,0.596572]],[[-0.843463,-0.276753,-0.460411],[-0.53675,0.468781,0.701529],[-0.0216813,-0.838839,0.543947]],[[-0.843463,-0.276753,-0.460411],[-0.525967,0.599728,0.603063],[-0.109221,-0.750822,0.651411]],[[-0.843463,-0.276753,-0.460411],[-0.506959,0.693545,0.511847],[-0.17766,-0.665133,0.725282]]],3],[11084,[0.0297887,0.728873,-0.684],1108,49.8527,[-52.3973,227.117,-22.5188],[-53.3274,77.10900000000001,-22.2144],[783.091,108.821,-58.3162],false,[-40.5182,-18.414999999999992,54.77],[-51.3726,26.272999999999996,20.7045],[-54.5,54.58099999999999,0.535833],[-53.925,68.65100000000001,-12.6681],[-51.8225,79.66,-25.4665],[[[-0.731699,-0.516657,-0.444614],[-0.654709,0.351211,0.669333],[0.189663,-0.780844,0.595241]],[[-0.746605,-0.438765,-0.500065],[-0.659204,0.386667,0.644933],[0.0896156,-0.811156,0.577924]],[[-0.746605,-0.438765,-0.500065],[-0.6646,0.525575,0.531111],[-0.0297887,-0.728873,0.684]],[[-0.746605,-0.438765,-0.500065],[-0.653688,0.623475,0.428919],[-0.123584,-0.64712,0.752305]]],4]],[[0,200,0],[235.247,235.247,147.751]]],[2867320,211459108446,[[1108,"left",[0.132331,0.894896,-0.426203],[0.335563,-0.445041,-0.830262],[-6.40625,19.189999999999998,38.6886],[488.618,-129.591,48.5862],[-6.6618,19.258999999999986,38.6554],0,0,0.978507,[[-0.93586,-0.0401173,-0.35008],[-0.235695,0.809803,0.537278],[-0.261942,-0.585329,0.767318]],62.8899,[-91.7096,-32.8368,266.718],[-21.9067,123.143,62.2414]]],[[11080,[0.426425,0.627074,-0.651874],1108,51.4374,[62.5783,179.896,14.7906],[63.3005,28.22,14.4902],[671.019,-396.726,273.496],false,[7.46562,-33.69,64.9372],[7.46562,-33.69,64.9372],[43.0439,-3.2249999999999943,49.6628],[57.3937,17.87700000000001,27.7263],[66.0431,32.137,11.7458],[[[-0.649621,0.559341,0.514907],[0.5489,-0.12354,0.826708],[-0.526024,-0.81968,0.226768]],[[-0.473874,0.768742,0.42951],[0.503931,-0.163254,0.848176],[-0.722148,-0.618372,0.310031]],[[-0.473874,0.768742,0.42951],[0.770458,0.125752,0.624965],[-0.426425,-0.627074,0.651874]],[[-0.473874,0.768742,0.42951],[0.79701,0.16701,0.580416],[-0.374458,-0.617368,0.691837]]],0],[11081,[0.183774,0.746478,-0.63953],1108,58.0414,[29.0929,255.929,-8.37508],[32.8179,104.137,-8.48729],[1035.46,-221.933,170.569],false,[-5.03708,-15.914999999999992,73.5997],[19.1898,43.03999999999999,38.8172],[25.0256,78.839,16.8543],[29.4096,96.64599999999999,1.59796],[33.081,107.64800000000002,-10.6432],[[[-0.897217,0.117577,-0.425648],[-0.289269,0.571808,0.767697],[-0.333653,-0.811918,0.479024]],[[-0.945281,-0.0442191,-0.323247],[-0.295809,0.534106,0.791977],[-0.137628,-0.84426,0.517961]],[[-0.945281,-0.0442191,-0.323247],[-0.269576,0.66394,0.697505],[-0.183774,-0.746478,0.63953]],[[-0.945281,-0.0442191,-0.323247],[-0.242989,0.756575,0.607084],[-0.217716,-0.65241,0.72592]]],1],[11082,[0.20819,0.724228,-0.657381],1108,66.1335,[11.9098,262.277,-22.5819],[14.6139,111.19200000000001,-22.6743],[1068.42,-115.281,132.512],false,[-16.1156,-13.068000000000012,69.4938],[-1.78464,43.366000000000014,32.7329],[4.68706,82.64099999999999,6.68093],[10.5301,102.96700000000001,-11.7691],[15.3957,114.61000000000001,-25.3623],[[[-0.871499,-0.0924107,-0.481612],[-0.444045,0.565489,0.695015],[-0.20812,-0.819562,0.533858]],[[-0.883769,-0.148672,-0.443676],[-0.447711,0.544333,0.709406],[-0.136039,-0.82559,0.547627]],[[-0.883769,-0.148672,-0.443676],[-0.419057,0.673343,0.609099],[-0.20819,-0.724228,0.657381]],[[-0.883769,-0.148672,-0.443676],[-0.387469,0.764105,0.515764],[-0.262335,-0.627727,0.732898]]],2],[11083,[0.201768,0.763705,-0.613224],1108,63.5891,[-8.84188,254.892,-21.6764],[-7.76662,103.72900000000001,-22.515],[995.784,38.5483,135.458],false,[-26.8567,-13.016999999999996,63.8683],[-22.7451,36.953,27.6987],[-17.1517,74.304,4.93313],[-11.6351,95.184,-11.8331],[-6.85547,107.79700000000003,-24.4074],[[[-0.856656,-0.254373,-0.448815],[-0.511583,0.531028,0.675494],[-0.0665059,-0.808272,0.585041]],[[-0.846836,-0.178544,-0.50099],[-0.516507,0.50073,0.694615],[-0.126842,-0.84699,0.516255]],[[-0.846836,-0.178544,-0.50099],[-0.492096,0.620384,0.610709],[-0.201768,-0.763705,0.613224]],[[-0.846836,-0.178544,-0.50099],[-0.464422,0.707296,0.532958],[-0.259192,-0.683999,0.681884]]],3],[11084,[0.126287,0.740091,-0.660543],1108,49.8527,[-34.4585,228.97,-21.0918],[-35.0717,78.822,-21.0548],[881.561,105.681,7.13288],false,[-35.6261,-18.754999999999995,54.5148],[-40.1653,27.221000000000004,20.7393],[-39.6057,56.111999999999995,1.17052],[-37.1679,70.399,-11.5806],[-33.5767,81.53800000000001,-23.9271],[[[-0.762213,-0.430433,-0.483487],[-0.642449,0.41149,0.646479],[0.0793161,-0.80337,0.590174]],[[-0.766314,-0.350057,-0.538723],[-0.642266,0.438335,0.628774],[-0.0160342,-0.827842,0.560732]],[[-0.766314,-0.350057,-0.538723],[-0.629932,0.574217,0.522935],[-0.126287,-0.740091,0.660543]],[[-0.766314,-0.350057,-0.538723],[-0.606796,0.669868,0.427872],[-0.211094,-0.65478,0.725743]]],4]],[[0,200,0],[235.247,235.247,147.751]]],[2867321,211459126470,[[1108,"left",[0.245418,0.881424,-0.403562],[0.309625,-0.465759,-0.828976],[3.12654,15.911000000000001,40.5765],[507.718,-154.413,75.2162],[2.98132,15.960000000000008,40.548],0,0,0.982224,[[-0.943552,0.033107,-0.329566],[-0.168532,0.808578,0.563736],[-0.285144,-0.587456,0.757356]],62.8899,[-94.1707,-35.0366,264.528],[-18.1849,121.51,62.7062]]],[[11080,[0.518473,0.589396,-0.619514],1108,51.4374,[74.074,169.326,19.7713],[74.4369,17.700999999999993,19.216],[646.883,-487.364,271.437],false,[10.1341,-38.64,66.1279],[10.1341,-38.64,66.1279],[49.3907,-12.009999999999991,52.823],[66.8381,7.824000000000012